0411
0412
0413
0414
0416
0417
0419
0511
0512
0513
0514
0515
0516
0517
0518
1163
1164
1165
1166
1168
1169
1170
1171
1172
1173
1174
1176
1177
1179
1180
1181
1182
1183
1185
1188
1189
1190
1191
1192
1193
1194
1195
1196
1197
1198
1199
1200
1201
1202
1203
1204
1205
1206
1207
1208
1209
1210
1211
1212
1730
1731
1732
5215
5232
5239
5243
5252
6105
6106
6107
6108
6118
6119
6120
6121
6122
6123
6124
6125
6153
6311
6313
6331
6332
6359
7128
7129
7130
7131
7132
8107
8108
8109
8110
8201
8202
8203
8204
8205
8206
8208
8209
8210
8301
8303
8304
8305
8306
8308
8309
8310
1163
1164
1165
1166
1168
1169
1170
1171
1172
1173
1174
1176
1177
1179
1180
1181
1182
1183
1185
